1000
0
100
73
30
13
70
16
92
76
22
22
26
99
22
35
22
29
51
88
8
38
97
82
78
12
63
17
64
9
90
76
79
84
48
8
63
84
92
54
59
13
43
51
78
65
87
67
60
37
54
35
41
50
16
19
28
79
36
92
54
25
67
32
76
81
41
38
30
99
93
55
78
35
6
56
66
93
89
26
96
42
61
37
58
77
56
86
21
58
43
41
83
10
73
58
57
80
63
88
78
55
8
22
56
14
44
21
73
32
47
69
74
74
72
31
16
94
16
37
51
59
78
100
35
17
24
59
97
87
12
41
7
20
29
63
1
73
50
74
4
64
8
78
37
46
75
20
39
91
23
56
15
68
22
17
85
12
76
47
65
54
54
72
74
83
0
75
55
50
15
59
80
23
36
17
70
77
37
75
67
26
98
49
94
19
32
78
31
7
92
96
27
45
33
0
28
33
42
49
49
57
8
29
46
10
12
82
88
15
57
20
41
20
35
1
39
67
79
36
40
70
98
67
82
30
68
76
29
76
24
44
32
32
39
44
9
17
26
97
99
49
83
6
69
18
7
74
85
86
76
25
22
73
92
70
69
25
45
64
67
69
74
99
68
13
9
43
97
35
5
96
50
88
1
18
72
8
58
57
60
33
48
82
72
5
17
6
98
62
36
64
98
9
63
31
89
38
74
86
73
79
47
89
32
48
6
4
56
30
27
82
29
75
64
0
80
47
73
43
9
8
7
73
84
36
3
73
74
43
24
12
88
71
0
19
85
73
90
40
2
16
21
31
57
51
98
3
65
70
46
74
44
53
12
27
89
15
66
62
58
56
74
45
26
74
30
10
46
20
16
14
2
4
45
60
21
42
63
86
78
8
25
21
28
37
15
16
52
81
45
76
37
18
87
29
59
17
6
71
3
89
86
5
93
97
65
81
5
94
32
83
69
58
71
97
61
86
12
80
32
57
55
35
42
8
31
67
25
37
37
95
25
89
100
85
86
31
31
91
24
63
39
93
87
9
89
48
61
68
27
60
91
48
95
99
56
25
65
47
28
69
7
20
23
7
71
8
38
1
65
28
30
71
21
17
46
76
31
7
9
24
67
67
72
27
65
95
53
97
7
47
31
15
67
54
22
37
29
26
4
60
54
35
30
41
18
77
17
49
50
93
73
16
59
10
9
24
71
28
87
79
76
17
94
42
71
82
46
100
74
50
60
94
51
56
35
69
32
18
84
82
10
22
64
36
33
74
60
70
1
12
48
43
29
7
52
100
55
98
66
28
13
92
22
65
47
57
100
46
41
84
94
51
72
58
87
71
98
12
41
65
24
89
8
19
63
60
86
17
23
17
46
36
8
34
67
21
57
33
67
98
83
61
14
54
85
68
25
82
46
32
46
71
87
20
56
49
80
41
67
69
58
79
72
32
12
4
54
69
37
87
32
19
13
46
40
64
13
65
45
60
63
58
97
49
44
52
99
91
60
31
59
17
76
30
16
54
1
70
89
38
22
20
24
2
66
64
66
46
95
78
72
57
1
68
5
45
86
70
35
11
67
61
96
42
57
11
96
58
47
50
97
69
70
20
71
2
50
3
14
44
81
86
0
82
19
5
26
4
76
28
16
42
89
78
51
11
89
12
70
35
63
32
70
99
18
7
0
68
10
14
11
91
66
11
38
85
83
30
56
58
58
38
67
12
15
17
24
3
96
60
4
58
58
74
57
76
81
23
43
91
4
20
47
70
98
85
21
80
15
77
4
39
81
71
52
96
54
42
65
49
68
69
74
25
42
97
0
23
86
9
80
90
96
27
26
93
11
13
72
26
56
76
32
36
12
50
98
66
92
62
82
25
97
21
50
38
17
16
27
69
92
7
25
87
0
17
79
11
30
16
4
86
93
36
88
4
86
85
37
43
12
85
34
8
72
50
46
55
66
40
23
23
13
48
9
13
65
54
24
95
70
95
46
28
97
33
100
48
84
2
57
96
53
91
3
24
40
16
79
72
56
1
95
69
16
70
82
81
90
72
42
26
33
54
54
29
88
19
44
71
21
0
33
74
92
2
98
98
18
42
70
40
10
30
75
26
0
22
73
56
61
14
82
94
69
2
89
22
21
32
59
43
33
92
83
91
61
47
88
79
89
57
86
99
54
60
91
54
83
64
76
9
44
24
2
12
26
91
0
47
90
60
56
22
17
5
12
78
52
100
23
6
23
8
72
77
34
62
97
16
25
38
92
70
62
94
48
88
51
49
1
40
75
23
62
92
28
40
36
46
5
