10000
0
10000
9639
7850
4722
6510
808
1691
5445
7787
4920
7654
4412
1009
5301
1881
8619
5772
1011
7158
6234
8137
3071
135
1226
8984
162
4804
1085
7384
4768
9225
650
5485
7074
6451
3073
7882
8143
9597
6747
4141
7250
2237
5150
2551
5197
4848
9402
6208
2005
6715
4345
6156
6850
6650
5139
8091
1454
6224
5474
7301
5448
7204
3864
3600
3654
8016
1481
1796
7613
8228
5938
4862
1543
2166
8492
6741
8093
8973
2948
98
5687
8372
6254
3615
5022
2471
1705
7555
9774
8258
5934
6301
5461
876
9901
9116
8892
2461
1990
7583
1767
9007
2445
3311
1173
2015
51
9266
2066
4078
442
7753
3529
7775
1367
9630
1324
4151
7184
1098
2409
4196
8478
7870
5072
8378
8064
5042
1917
54
2625
3685
139
6149
8075
2391
8164
9205
2736
1309
3282
3178
9062
7890
2032
1508
7519
3356
5659
4702
5533
9147
8898
4010
8096
5048
3467
6159
90
5384
7292
2715
147
7432
8864
8222
9823
8106
7426
2558
9415
1787
6816
9556
9677
8848
2142
7196
2203
7801
2976
7737
8027
2953
2825
6122
8001
6292
3359
9170
2755
651
1884
2902
9162
1826
1124
62
1011
9629
2621
1504
1415
515
2138
2171
9363
4280
9367
2644
3160
2342
1459
1186
5295
5364
7308
4375
1655
1745
3544
4410
2396
6508
8392
1557
9413
594
1620
1502
222
5320
3007
2717
6914
5145
4888
6276
9426
4254
9999
2585
7675
2537
4850
4049
7901
3236
8424
634
4981
3046
5045
7378
632
4515
13
1124
5109
2712
2626
6410
9111
5633
9127
6024
1857
4014
3378
2361
9347
4456
4946
7022
6993
874
2149
5972
4110
572
6606
9091
4697
2729
7547
6409
7244
8640
7533
3431
2430
158
9842
2620
6871
8968
8644
8728
4061
3101
1088
4486
7557
7113
1507
5628
7987
3656
2678
3175
5307
362
3344
1083
3092
891
7492
1414
609
5024
5925
4118
6261
5766
6738
3131
5812
5382
2937
951
9562
4025
5438
8197
2216
8024
4903
1281
2759
7581
4456
9145
9022
7801
227
2113
9771
8798
4607
379
4900
531
5576
1161
7376
2314
4292
4266
8775
8309
5218
8336
2333
1734
7611
5629
9758
2513
6910
2516
1172
1366
1661
193
245
2967
3386
15
1765
9072
1473
6665
9603
7049
8905
8057
441
4276
2322
9216
2584
8619
8630
5996
352
6240
1624
1189
8753
8535
3705
1003
979
6445
2276
1224
491
5662
2318
3335
4733
4870
1078
5414
2997
9984
3470
3439
4259
6871
3733
7922
5490
2363
3917
6921
8603
5542
8110
8435
5155
2894
9438
6134
9339
2792
8437
908
8454
1833
4243
4265
7782
5322
9679
1857
6384
4227
5296
642
1098
108
9643
7667
2471
3559
4587
1073
179
2697
586
5334
5591
1103
2546
6008
3895
982
6917
2349
3894
1159
7693
1675
7560
7372
3533
3943
2677
9908
5664
3775
1094
5306
1441
3565
9945
6029
5718
123
9805
6304
5458
5395
7407
8004
1402
1302
65
9398
4730
3959
557
2422
6714
9196
872
1325
3139
3550
2311
8803
8404
3406
5188
9846
6971
5132
6953
3767
5255
6757
71
1791
3230
8557
9796
4632
9859
9861
4030
5667
4898
5666
9169
2690
5940
40
5094
9079
3590
7406
8961
1994
1890
4148
2918
9940
358
949
3707
6692
7706
4857
8484
935
3413
8279
6646
4351
9218
1754
17
5194
8499
264
7885
4439
305
4057
4596
4974
2541
3556
8047
4431
8783
2043
5450
9141
2992
9157
6912
697
5092
5395
2711
8505
3673
436
3934
3969
3269
5031
241
1768
5295
9205
7286
5600
3262
1881
1653
5803
6517
9700
1313
5299
1743
6763
5519
4735
6998
2430
6512
2089
7825
301
1672
2576
1816
5607
7624
5086
1716
7865
7933
7011
7070
5218
3690
331
8178
5343
7213
4694
5042
8526
1072
7864
5288
7670
3678
3364
1178
1268
5453
81
1569
8205
3736
3386
4890
1359
9551
6606
9224
7483
3616
7372
3779
7306
8782
3035
2648
5995
7730
8770
4520
9881
7712
887
7550
1389
5330
9807
3736
783
9888
5306
66
3623
9771
4956
4982
399
2640
5284
7882
6256
3735
2739
4641
2516
5774
8368
8511
4582
8216
4110
4462
5928
6076
3090
8396
1405
2896
2132
3267
3862
8517
4412
7485
9366
446
2466
9765
3086
8830
8725
9343
2564
1463
5062
6159
7237
3429
5749
1819
1645
937
7360
8652
7013
1529
7047
9497
4425
257
3843
8288
9853
8255
6851
9218
8702
396
60
1787
9226
8785
2208
2868
247
7270
9027
7485
1778
4775
382
4502
5712
8821
3153
3803
349
1278
4379
5854
1536
8222
5220
1388
6476
2070
1685
5177
2466
1745
8044
2770
530
1330
6717
1856
8601
5744
419
1457
1597
801
5959
8389
9623
9112
3270
1050
389
7649
6904
3004
5870
2123
5472
2346
5273
7157
8602
8818
8902
7724
1588
510
9055
8305
2367
8734
5127
2786
190
7804
4667
6149
6192
5368
6339
9462
6418
7807
8190
4401
811
4059
7603
6283
7484
2875
4518
7165
1693
4498
4888
4360
5009
5021
3743
8455
3754
8871
1240
5023
6674
6986
2250
3944
2353
9668
4484
9851
7475
2673
4251
8286
6733
1853
5647
4216
5808
164
2459
8580
4662
8427
4018
749
3447
7761
9204
8281
6631
444
3303
4383
8509
6633
8327
862
6300
3890
712
3774
6563
6042
3138
3295
8974
9864
8591
5860
27
1049
4439
4690
9476
8457
5439
4002
7297
5722
2282
5006
7245
6664
468
5753
4375
9874
6615
675
3763
8406
5528
326
4447
9746
3621
4500
9609
3290
359
715
5419
5878
6484
5973
5413
3001
9975
2709
8723
3335
7716
5967
1078
8184
1720
5453
8057
9414
7207
1820
7820
3814
3225
3345
4638
7925
7845
4246
1215
9284
6040
6634
5161
2523
3685
573
5525
3660
3283
5326
8074
2077
1293
9152
1339
4092
5684
474
3505
2890
3373
2403
7783
6598
5749
2420
4523
4672
7746
6817
5034
3785
4529
194
7388
8214
1847
2912
2952
6209
9317
1026
8286
609
1256
703
4701
6940
1177
9286
909
5630
1688
8692
2227
8516
2191
7829
4267
9937
4645
9301
4800
9174
574
2187
7388
2421
6178
1418
8630
5495
2444
7994
7183
4780
8697
1884
1719
952
2248
3707
6582
3936
3478
9889
2452
5669
7717
7798
6684
3441
7098
1483
3693
7672
4750
2159
92
927
3578
9801
7501
7101
7794
4684
1880
7569
7647
4679
8522
9895
8386
6182
3830
1863
7149
7361
8611
5945
5158
5294
9386
3335
7857
3078
2085
2606
5238
3257
3533
9895
3057
1034
6995
1930
6797
8876
9499
4443
4633
9099
4337
3018
6360
8167
5961
3508
6607
5650
9453
2843
944
9917
6178
8801
4074
9343
1406
390
2599
6018
284
5656
8131
8358
8665
4927
7233
8164
448
1865
7262
4785
5963
4700
4031
3002
8209
637
8652
8740
4559
674
9736
737
9475
4888
79
1959
5278
3757
9057
6641
491
8266
6077
9157
4272
3310
8399
4720
6254
6739
9506
3295
1439
3536
6297
9648
5252
6028
9466
9811
6702
9201
1626
7256
4088
2784
293
444
6541
9350
8164
7033
8695
4241
7268
2966
8630
5666
7686
5962
2404
8270
336
3843
2884
7712
4569
8136
3739
4035
9026
1520
4314
651
8776
8403
3436
9069
9926
1055
9498
9169
9167
8192
3409
6434
2236
3117
2099
9922
9079
5583
9271
493
9426
2154
8206
5074
1369
1944
9109
394
3464
4501
1045
3318
2903
5560
2387
3908
7695
2963
3076
6861
1154
7564
3295
3390
1759
6473
4390
1916
3134
4739
2410
3639
6894
615
8713
9342
3638
8900
9736
8182
3400
1859
1499
7383
8499
4965
1290
6193
7928
5445
3053
160
4087
7427
4629
5846
4979
98
7762
8113
4837
171
1751
2809
786
463
2150
5504
9363
1885
3685
2763
4824
5184
1224
3322
149
2514
593
8077
9038
3646
8238
3124
2152
2866
8970
7131
4043
7810
6322
8881
7982
8074
1689
9847
9616
4919
5350
57
7883
9035
3899
2706
5298
5123
7107
5447
8716
7700
4602
7753
2425
3918
876
5656
7864
924
2786
1906
8734
186
786
7794
8260
3555
7641
8955
8474
4069
9012
6356
4183
3989
141
9481
9112
7248
6006
8906
6027
1686
6658
9531
5605
8613
5186
3468
615
9051
6453
9349
9237
8319
7143
8576
1873
5862
7530
1425
1009
7620
8860
5192
2687
9001
5751
2877
7328
1756
1782
4433
4522
8440
3963
126
8131
9149
4673
8746
8199
1125
9173
8514
522
6315
7089
2395
3255
5697
4899
4265
4395
3759
535
7082
3838
6287
9959
2244
9122
1740
6677
3643
1258
1718
4848
9389
1945
9521
8134
1222
1725
7307
9737
2247
4700
7904
5722
9035
3601
620
3299
7996
5458
4913
5078
375
1199
5036
2619
1400
7856
375
5043
9114
3172
9892
8503
5118
490
6636
6340
2215
5021
7155
5542
800
5059
1263
9835
8660
2962
4212
6655
9500
9125
2811
9875
1403
8927
3572
2803
6782
5026
7846
5895
8199
8816
4397
4395
9307
2112
734
2600
8212
8969
8142
9012
4027
483
8846
3765
4525
4136
1498
5103
3261
4310
4977
4664
3236
9628
7467
17
5733
6391
6991
3931
6286
1388
8326
6671
4579
138
9271
2790
9107
8492
1802
4212
53
1726
9056
5657
6942
554
759
202
4864
6815
5945
9179
6443
4490
274
2175
1959
7265
7185
8245
9732
6589
4915
4310
6727
5265
7101
6913
4835
9982
2203
4888
2786
1259
1624
9728
1813
2383
1008
7756
9199
6953
8013
6720
2521
8287
9974
4481
6630
7158
2725
6362
4825
8720
671
1551
5063
8851
9543
9898
9911
2825
5864
3776
5163
7488
3503
6976
9872
5591
5810
148
3622
3822
6868
6144
3187
7920
624
9817
5077
4428
7257
980
3147
7929
2531
8210
7858
3153
9186
7769
7057
5050
2623
2219
2537
7205
273
3487
2795
6083
3635
6418
983
1581
2561
5249
9501
3185
6144
5656
8692
3401
6636
1839
2408
246
1127
1344
4478
313
9113
1534
6442
2814
4832
8979
19
5105
3545
2814
2266
7180
9232
4328
9841
2871
9577
419
7135
6799
6076
5827
199
3790
8745
3686
5115
950
5031
9593
1263
5222
2205
7705
8037
7037
7763
8056
3220
1307
869
5486
9566
1180
9814
484
4051
468
904
1186
7268
8059
8092
8546
1848
6836
2232
8043
7786
7263
8714
128
2484
919
8912
1599
9035
7753
9655
3334
138
1603
8820
9705
2783
9713
1267
7913
180
2171
177
8527
229
8269
7073
3157
6183
9305
2278
3969
7646
991
5176
1208
2989
4087
2808
2024
2919
3541
6437
3057
5144
5256
3840
7927
6047
5108
6919
7307
7279
7096
5833
8588
5365
2905
2823
1547
3288
5101
6595
933
6092
1770
3221
160
6937
6029
3263
9856
9570
9700
2912
5793
4955
6753
4798
2081
2939
1716
9388
217
8813
5220
9884
5256
8126
3785
6803
2492
8886
4477
3426
6057
7326
6647
6217
4262
3754
9480
5196
4402
9179
9188
194
5212
7019
6072
7293
9958
7788
7759
1253
7679
2979
1137
2934
2183
6001
816
4675
4887
5293
9180
2022
2618
6905
9318
7960
1737
9876
3155
6140
132
3421
7413
6423
439
3484
4795
396
2351
2553
2729
29
5532
4945
2964
8794
945
4859
3469
6911
151
3727
8933
3848
632
9329
2886
2369
9204
7121
9588
414
541
7001
6838
981
1563
1632
2456
3914
5264
5185
3944
796
129
7987
668
1075
2845
5216
9065
2996
8944
9077
7923
9576
8405
809
3023
8688
7930
2611
9102
8471
690
5939
530
2253
8650
2987
6168
3914
9251
1190
5789
459
9177
6457
2613
2021
1673
1677
6096
1695
753
4018
1270
9159
5906
5372
7846
4914
9062
8026
4464
9752
5044
4994
2005
4772
9060
9252
8686
9390
441
5553
9849
9618
3089
2461
1638
4762
4138
7734
6457
4892
2830
8806
5129
9816
5256
4053
4729
4318
2078
271
4069
8201
5266
7153
2973
5404
6404
2737
4793
6845
8291
4641
7541
1379
8181
257
7220
2319
9070
4755
8290
1900
4639
3418
2794
9895
7471
8602
4212
627
8874
9361
8829
5218
6513
2880
621
3996
5617
6494
1919
4986
2213
9461
7444
394
9718
4663
3792
9867
496
2081
2845
5135
6578
5639
5030
4048
4240
320
5754
3113
759
5661
8331
7273
8541
31
2347
5237
7604
4266
1301
9817
3726
8746
1289
4523
3408
5081
5468
3905
8241
8313
118
4818
3951
6227
9945
9270
7627
5699
2383
8386
2438
1792
6737
2058
2902
9084
8374
1584
3350
9675
1401
8155
8420
3769
3756
2907
9930
9224
7891
9249
7536
8009
4067
2565
4236
5090
1835
1862
788
5297
1326
4306
8168
8064
6364
2149
7147
4737
3733
1575
4411
6213
9731
2831
9983
3486
6817
990
3789
4707
238
1324
2715
5384
4969
8030
474
6804
970
2341
3179
2297
6647
1346
360
3010
4574
8586
8826
8308
161
3237
4520
9892
7147
5581
4456
3963
6571
8245
9749
7889
648
3542
4351
5617
2651
4825
3499
3621
7167
7757
5918
4892
181
7357
7903
4756
5943
6728
3063
7183
1043
8662
7074
9269
4243
2608
3231
1892
1932
4058
859
2580
7601
5211
9276
251
35
3853
4951
8281
1609
869
3173
1790
9305
2154
7625
6326
9961
687
3508
1004
428
1660
272
4671
4269
4583
6563
6201
8641
8502
9860
7320
3712
213
7571
3747
4066
2522
3107
6754
4470
6280
9623
4853
8434
7248
1179
8394
9014
5766
476
9442
7427
749
5191
2774
6411
2833
8975
5051
1334
9913
2371
5046
125
1020
9872
5270
4621
2978
2023
169
9258
2724
5023
8770
1050
7281
8243
1143
3046
8719
1663
1551
9468
6855
4325
5878
9688
3299
2008
2100
4290
5458
7146
4415
7557
7017
9685
2178
1074
2786
2347
331
6590
8449
180
7640
6808
8423
8783
9855
7141
446
1405
7688
8380
5731
4644
9146
108
6652
1245
4399
3188
8391
9893
745
6486
9578
4002
7560
3442
6349
8971
31
5877
9151
8751
2684
7573
8612
3617
4713
9058
6102
3479
8516
1832
8124
7661
3019
4775
8906
8497
9043
8375
8390
9788
5940
9046
3789
3499
2487
1216
3548
3598
8172
2698
2348
856
270
959
5552
6063
1096
1653
9542
9612
3485
8744
8352
7584
3519
8336
6080
3640
7790
5548
3427
3729
4593
8295
8307
8160
9511
1855
2836
7683
4553
5184
9618
5903
7222
5169
3044
8318
6823
3664
9009
1386
2408
8439
8970
7006
6774
6129
645
4563
2755
4072
8292
8428
2366
6599
7666
2955
9533
501
1716
4085
5685
1333
1066
2906
6503
4110
2303
4404
8854
1311
5790
1261
9750
5839
8267
7602
3046
8912
2165
5801
4062
1535
5307
7507
9213
2972
461
8745
3473
2178
3909
9158
4590
4975
3143
1092
164
6525
5496
9018
7836
2365
1357
8664
8204
9624
7344
2328
9614
587
8129
3675
2123
4515
2260
2414
7487
3800
1159
960
5978
6147
1196
1647
2200
5418
3818
3443
1942
9315
3539
856
2758
4896
9520
961
4519
7943
4368
5211
8530
2496
8886
1731
8090
2224
4146
5577
6025
6384
6537
3081
2530
8812
4728
5809
4230
8547
9253
6172
8940
2791
7029
1697
7688
7627
3737
3285
5569
8105
8497
5178
1679
8461
6909
9770
685
1054
5346
6710
8517
2961
9791
1046
2851
5598
6856
7081
4144
7187
3253
3083
9978
1360
5859
7665
8987
674
950
5635
8779
525
812
1536
8986
8800
1305
9671
9855
7730
7459
9450
1769
8329
496
4621
3926
8431
1701
8070
5617
6033
2231
5594
7393
9169
4338
7459
9843
6367
4172
8621
6892
6063
156
6956
4862
2541
7706
5795
270
5164
5245
3119
3492
6820
7740
7418
5250
9441
6566
1945
5474
9876
8618
3945
9044
2955
2482
9965
400
6654
9664
8371
2716
899
5327
8658
3440
3032
4452
4789
9275
9697
7908
2767
6516
5647
1263
2844
6167
8909
4789
2719
9863
3407
6664
8907
7441
225
9950
7842
7958
9614
7291
674
512
2617
410
3952
6728
4862
9820
7082
5638
7728
927
3232
4453
3269
6077
619
2177
1944
3338
2040
6430
1081
2025
3871
1306
1974
2791
9264
2666
1160
1016
3178
4857
1426
8209
1584
7368
8029
9745
4084
5756
671
7316
1287
3941
4471
1907
7197
6416
5245
315
2845
6326
2340
7795
8711
5394
1664
7975
9139
2825
69
2317
7682
2575
525
344
9943
9633
1168
4026
6467
1839
2420
7755
6859
6892
9662
4056
4386
5985
4371
8310
3390
7791
6105
2100
4263
8848
1153
3401
2751
2302
6797
1511
4877
8402
2935
5898
8034
4103
1002
5580
7021
3422
3334
3880
1392
4074
7936
5778
58
3385
4088
3448
2254
1271
6628
6517
118
8860
997
3949
1161
8873
5460
7117
7274
8395
3014
6387
3576
4016
1966
597
8518
5300
4477
9910
9374
3491
5688
510
6876
854
5038
209
2125
2744
7805
3322
1603
8802
7271
2765
7675
3810
960
6027
3283
3975
2413
6860
9070
5458
7457
7587
757
3012
8576
1209
6503
5342
2799
4457
6196
7837
4666
8321
580
2471
2721
3262
2351
9993
7106
1104
4881
8067
8211
8164
2041
1702
5023
2189
7161
3558
9777
7918
6570
9431
206
4151
4772
4084
9688
967
2999
5432
366
3579
8982
3087
7920
1333
4158
5026
3516
9039
3092
2805
7203
6212
4508
3304
8401
1668
7942
9256
664
5590
8686
870
9742
3457
6033
507
5503
9032
5939
5869
2610
4921
35
1609
7333
4193
6635
1927
4311
805
4733
2592
8096
9241
5896
7575
908
4916
7910
1572
506
6595
3522
1326
1131
9555
1833
6634
8587
8851
3582
2275
3771
3617
3884
2182
8889
1597
4110
3199
3481
8843
5791
2655
9162
2766
230
69
7682
8140
2720
9267
5813
6242
592
6944
6876
3504
4657
5462
2355
9318
8816
7205
2934
3779
9388
2901
6455
3497
6101
9937
3418
2970
2591
2579
5736
3900
3727
3418
2039
6447
2684
7853
3768
4356
5875
1722
7860
1610
7184
1293
927
7078
8499
4940
856
7886
7842
7312
2461
5021
8327
6958
7991
1996
615
3727
5897
5421
8224
7936
2946
1986
6867
6714
7421
3821
8436
5281
6510
6698
7653
7438
4855
6151
3456
5711
5115
2376
4101
7576
8476
3506
5612
6467
5503
6227
1272
1399
1647
574
413
4594
3639
8360
2386
1060
2180
1901
6341
9769
9678
5072
7206
4532
1223
1741
1322
6338
5196
6502
4993
3672
8
604
1217
5511
7911
3568
6910
636
4142
8402
5230
7781
6761
8696
8841
19
596
6260
9789
1352
1332
8073
5885
3634
9814
7207
9972
6089
3708
6043
9761
4795
7727
2056
305
5637
5624
8294
6273
844
6696
2582
8625
3456
1277
8545
3476
2952
5883
4343
4304
8294
2415
1267
1927
3308
9553
2978
9397
4340
99
235
9135
7826
2291
9441
3462
8994
8813
814
9838
5508
3396
9541
43
5752
9164
4598
8704
5047
8941
4086
4419
1355
6433
7426
4663
5985
1482
5138
324
1581
5373
538
486
8743
1057
3948
7736
9870
5841
8652
6457
9237
8193
6500
4988
7356
1097
4770
3481
1116
9936
8980
2471
6368
6405
8214
3431
8966
4430
4835
1625
9804
5373
2111
9625
6430
7139
7361
7378
2979
7091
3834
2216
5283
333
8283
3718
2509
3053
8278
3625
4067
7257
7176
434
4740
6468
3865
3705
897
8700
5331
1779
5151
8521
1404
2659
5659
9844
37
8639
6934
3871
1933
3296
5284
1294
7014
7793
5426
5291
1418
9493
3627
9673
9927
8367
6140
4871
3151
7037
4649
8482
8817
879
8081
1299
3538
3740
2221
3575
3457
9155
8526
6469
3529
3809
7763
542
2680
3189
6913
5177
2681
539
4849
3687
9985
988
9637
3135
9105
4285
2695
7921
6243
776
298
9782
5595
2519
4435
130
2752
2960
6599
6282
7848
4361
7903
528
8629
5894
5705
2389
7512
554
6076
7497
2621
5712
1710
1725
1075
4406
724
8398
6261
1022
8179
2934
4620
2613
3064
7373
6653
9663
4733
4500
5102
3714
6107
3731
9609
1812
6120
7120
3445
3274
5695
7145
64
7406
8871
2218
2890
673
615
9151
2775
9873
2084
7395
2486
5148
5846
217
5889
1657
5796
990
5372
1903
5800
4980
4794
2998
2099
9318
7351
7795
6462
7415
6279
6411
712
9169
8164
1327
9398
938
1200
2560
9412
4765
8787
5258
6061
4675
6915
1856
6744
2286
3759
3623
8345
9632
7700
444
8949
5051
9318
6490
3544
5596
2900
4256
5843
1063
6663
5240
3080
8942
7800
2492
4785
6586
7750
845
2339
5743
2701
9083
9109
7540
3784
7453
7171
1484
7897
6120
6535
8293
2609
1157
4967
6588
5414
809
8731
3155
7128
1810
3175
4927
4302
7960
2591
3130
8805
4930
8874
2584
5092
7982
123
9955
6513
7295
1438
5489
4493
9052
3781
8181
209
9828
4768
6702
636
4577
9857
7765
6388
4110
3770
689
2069
6362
4899
1952
2370
4851
4536
8541
2832
4660
8496
423
3033
9934
5912
8605
64
9694
6785
273
9521
2631
6975
1235
7209
7910
78
4675
2019
3849
6443
5167
1289
1341
7119
3659
6192
1654
3279
102
7393
1774
526
1504
2786
6438
108
2850
7210
7972
4202
7809
1682
2255
123
9970
1243
201
4644
4341
4050
2165
9508
6418
3507
6626
1156
777
9360
4435
880
6752
7288
2485
8257
1152
8923
9444
5082
7212
8495
9284
5020
176
1539
5143
145
3861
6424
5868
8203
1552
8033
7710
7971
2618
4336
9127
3396
4774
4640
5355
1525
3006
7840
860
4158
7841
304
9240
5052
8799
9603
1151
53
2220
7373
1277
6081
3796
8224
4283
6428
6256
1993
4398
9954
7408
4603
3349
2181
321
9783
4785
3327
7622
5646
8564
6541
7029
7804
1593
6906
8485
3823
6959
704
2274
9315
6785
6071
7538
2147
3577
4872
5219
7975
4825
2626
3656
9253
5886
3977
9035
1749
8383
7735
8474
6946
4276
6581
5828
6948
3486
4312
770
1523
6095
3044
837
3959
193
8375
6106
3770
3247
1324
2823
9151
5029
7558
8404
1993
2613
8517
4821
995
6252
3295
9021
1606
9876
4848
8554
4441
239
402
7043
6334
4525
7881
292
5798
7334
6398
646
1659
8801
3470
1889
3829
2106
1371
6901
4720
9888
1722
6794
7218
5017
5814
8824
5971
662
8456
1490
1980
8858
8534
8314
4462
7493
8607
259
5905
5004
905
8644
4884
5454
532
8713
7561
1903
5614
3359
2869
8415
152
87
4510
7046
9990
480
8787
9525
3050
766
8382
2662
9080
2843
154
7686
4181
7138
3769
5087
5781
8653
540
6313
8444
9180
9295
5136
2538
2164
3550
3770
3330
8060
815
3319
9620
9602
2843
3748
367
2304
6410
9447
6226
7643
8212
407
4780
3059
5494
1640
2790
7113
9032
1233
6293
8327
7449
8831
1569
998
2600
4899
137
3415
9297
835
4095
3219
4583
4462
6602
992
4988
2827
9714
4278
4313
5572
7337
885
7212
126
7999
6244
1359
4291
5649
8808
4200
8297
885
7880
3195
2101
2373
3570
2936
6469
6789
7519
2009
3390
9590
6997
7297
381
1274
1609
5953
8611
2495
4244
9816
493
1566
1175
5863
7215
1061
1141
5511
3025
9021
9785
5126
1394
3354
8062
8942
1222
6659
950
5691
7327
7948
2987
7708
300
4597
3661
9991
8171
7905
9806
9743
9471
2059
6684
7764
3121
7825
4353
7225
6846
5216
2351
9319
9649
412
8260
870
8151
9210
7641
5477
8236
627
3185
9616
6303
7925
9606
4473
6908
9411
5294
7457
1470
1977
5220
5670
9803
651
2894
7727
5867
5245
8124
6594
6737
6383
8544
4887
6671
6184
363
5986
6811
4627
5601
4193
2551
5206
9745
9459
5695
5039
6915
8244
7016
3213
3913
6818
4943
6808
5623
1888
3131
3746
8483
9868
1207
7026
5833
8958
3209
7276
4943
1098
1902
1622
5291
5533
7907
5036
6070
4680
1153
4064
2924
8169
8356
6837
6066
3299
4723
1688
5187
7855
6514
4748
8801
7721
1773
4634
7757
6061
2988
3778
8239
5969
5400
4608
1501
4385
722
8651
9066
1875
2714
1989
44
2148
9905
7189
5447
4628
9956
1713
3561
6469
6461
2361
5269
9314
8074
3025
6453
1061
7883
5770
7031
4361
378
9611
8747
2179
8261
8891
4055
2053
1958
5178
4202
1862
2366
727
7569
2321
2440
1129
9870
9981
4570
5138
372
3722
9242
7904
4784
7124
3674
2893
1485
5131
3582
1310
7310
2922
200
2443
4975
3237
7621
255
6178
1065
983
3747
4466
4502
5955
4335
5561
524
551
7012
4247
871
4916
109
9075
9669
4081
559
4799
7663
2948
3187
584
4227
5631
6639
7464
4330
6894
3641
5396
7877
8467
940
3458
4422
6354
9019
6025
6905
6031
1350
8855
2025
2538
7929
1693
6619
9567
7571
5361
2514
757
5945
6741
7467
3662
5283
1797
556
3
8272
9512
8470
9212
4048
2891
5565
4146
9996
3548
176
1345
2402
3280
3884
331
6052
1581
976
3622
6942
3491
5458
3966
1310
2925
7628
7673
5801
9263
7676
4072
9854
6145
4362
3901
115
1005
8047
110
4553
9302
2534
8034
2581
7497
9444
9712
9079
420
3333
7099
3911
9871
2143
6300
2795
850
3972
8596
112
1647
3746
9966
8872
8108
4946
8987
191
2992
175
4744
3373
3788
2777
7033
1285
2221
6745
1442
3720
77
8541
8710
1026
684
5009
3821
1534
60
3495
2725
2786
8320
3770
1657
6427
8716
1722
6618
2786
1897
2440
6159
5686
6297
3192
8050
9597
1015
9492
3316
2171
9111
2025
3198
9795
8113
7019
2407
8173
1593
6212
959
9913
9982
2616
7419
9776
5418
5115
2561
7315
7556
9800
4079
4931
4070
2128
4527
5085
1619
8922
8335
730
946
1532
1603
9059
9631
5090
8311
1223
1301
9270
2214
2361
2964
9633
2136
8382
4748
5776
6776
3382
6654
1933
9392
723
4062
3918
6887
6760
3918
5222
8569
4864
7833
1251
5001
7463
6341
3311
8686
8721
3659
1979
2160
6624
1611
5375
6084
7438
2229
3938
1898
8884
5872
1289
685
9934
6286
8652
7772
203
4952
6341
5067
2784
7592
1147
247
5011
4458
11
4810
8118
1990
6970
5820
3602
2344
2982
2118
4573
6921
4017
4535
2792
5306
5221
3804
1592
3872
2654
2874
8824
8995
9021
1607
7665
167
2933
3754
5704
2945
8564
3821
6014
5533
719
694
8956
3702
2813
4608
1701
7909
9143
5572
3214
4363
9376
5885
9314
2029
9839
9216
2103
8859
1902
846
9026
4835
4601
4729
8859
3164
9630
5952
9777
1427
6646
9811
5129
537
4418
7909
8446
4640
3480
2739
81
2855
9703
9396
5964
9541
9690
9146
8399
1591
9992
8503
7506
4592
3232
7443
8836
3940
3394
9691
5367
40
9501
1575
1656
4998
9484
1181
9638
2964
3920
9719
6898
3622
192
3940
4242
9883
3085
2640
2552
4156
2222
57
9827
5454
7501
8662
472
894
9431
5839
2013
10
7414
4749
5008
7977
5930
5724
940
9850
5442
8917
4550
6714
3936
8792
6596
7021
2511
226
2255
4733
284
2082
1265
7785
1822
1737
9758
1253
8655
2850
1263
7148
7599
7350
5124
3528
3073
7143
4456
9594
7138
84
6307
1073
8877
3981
9174
2466
4208
1428
8278
5571
4589
9543
4434
6412
2358
4191
8744
2091
8120
1085
9239
5718
8435
5441
324
2586
3662
5859
2179
1879
5944
9566
2952
4820
4625
3204
8365
8833
5712
6642
5482
300
7263
9916
7791
699
5186
6534
2790
3305
8698
3108
102
8211
9628
426
796
4369
7365
4055
6248
3308
4699
278
9207
9324
3483
7571
9236
273
5291
4717
573
2553
4633
8365
3252
897
5977
7121
4202
4675
228
4304
2885
9857
5810
4761
4225
4253
8816
1551
7561
4593
1829
6767
3916
6391
5416
3151
6664
706
8948
8317
4338
4659
6681
7590
5556
3736
4710
836
9490
6018
6220
3454
6953
3108
8215
2256
7361
8109
3807
4921
2701
5636
2766
7696
3106
8182
1926
9770
9967
873
8086
4304
5532
5845
2972
2166
9582
8761
3002
149
4778
9222
3603
2809
2329
2896
5065
9690
1004
8872
5689
4784
5587
8455
2480
8693
7715
4406
8462
8760
6358
7627
3063
2968
3471
7114
5134
4131
5875
9215
5360
1731
8437
8963
5620
1844
2938
684
2613
5021
9557
8302
9806
6222
7836
3364
4914
5550
8849
4454
4310
6285
3159
8452
9253
6631
5566
5465
1840
2519
4679
7200
5329
3115
7242
2027
6039
179
2712
8652
6279
3347
6953
7163
9569
4788
526
5561
1417
453
14
5727
7817
3174
5257
7069
883
1901
2533
3802
5499
8292
2081
1907
1406
401
3934
8524
1659
6646
7175
7938
9993
4128
5101
639
9995
6706
6200
1411
7160
6215
8217
4976
467
3474
3124
1350
6454
6736
6231
1953
5027
8312
3860
7513
8713
7794
6036
371
4440
3211
8310
5511
8418
3410
6151
9491
1194
2350
1981
9433
9644
197
5488
110
4750
8612
2539
1204
5347
8771
3157
1453
7082
7017
8966
6874
5889
6080
7245
1407
369
5554
6919
9866
42
3069
9357
1237
6498
1337
669
6142
2613
6157
7331
7364
5847
9871
9647
2273
8641
2803
3726
6801
898
3770
3674
7866
928
919
9274
1298
7552
6192
2242
8674
339
1598
989
7916
4014
2737
4057
6628
9974
2467
5070
5820
2337
4716
8093
2056
8598
2897
8857
9496
7746
3610
8440
8675
5608
7713
1051
4238
4983
3293
3990
5322
5971
4979
4317
9985
7717
9453
7691
7690
1919
2760
4588
4256
7476
3760
6312
6073
7736
6248
6647
6561
936
6166
6314
7623
3878
7365
1860
8862
1736
5851
5262
7707
1908
9579
8771
703
9032
6461
9472
950
300
4060
6286
8855
8899
3676
4928
6634
1002
2653
3194
1938
8819
9508
639
3776
7951
2500
3716
9688
9430
8978
8473
1337
9636
8322
2041
9746
4783
1512
695
6162
6651
8060
5016
5549
1736
1022
2183
3817
4755
6456
6835
3573
5964
7474
8428
4993
9974
2143
4680
9403
1121
4232
1819
1835
2553
4939
1580
8415
6451
3354
4576
4181
1414
9593
9730
4229
1693
2991
8046
6448
9448
4880
1100
6490
2354
9528
1482
3406
1671
7242
3888
3871
2552
5707
5706
5105
645
8365
4599
8175
1718
253
2355
4211
924
3164
8440
2618
6155
7565
9066
6681
2444
165
3170
5877
772
5732
9284
3522
4052
3171
7393
6604
9957
4177
2787
1680
3620
8465
933
5338
8719
4368
628
721
7532
9068
3339
4765
7711
3484
1446
1234
4728
5695
7111
5500
2505
7473
9022
6557
1722
7493
4239
1678
2748
8106
4437
6368
7649
5371
1706
7446
9739
3413
8168
7270
3559
2585
2034
1270
6069
4559
2504
797
254
693
7376
2759
8167
6398
395
9889
4969
5713
1567
7718
4897
6004
4085
2546
2453
6870
9992
2191
282
9238
539
3842
1823
2574
5112
7892
8212
8695
9768
8466
9388
7144
2304
7554
4620
3778
8522
9589
9491
1167
7306
5467
8250
2470
9092
703
9340
9083
2894
9623
8321
3434
4543
1222
7087
9655
9114
5298
9428
9961
4843
8815
7104
8226
7448
2802
2003
7048
2390
2572
8215
775
8039
6464
3245
7130
8246
2584
7292
2219
3285
6691
6732
7828
7913
4897
8561
8105
1273
7988
8065
6116
7882
6247
4341
6408
9049
7423
3455
2518
9996
2748
3293
9113
290
6538
7322
8537
200
4613
1834
3486
2382
8566
1313
294
3462
953
9478
4735
8941
7543
1930
7901
4868
6271
4308
3917
4773
8842
7514
4768
1589
806
3880
1880
8423
1201
1495
9702
6893
3329
3187
9275
2973
5580
647
7514
7612
125
2248
6552
8747
5257
4453
4693
2607
9840
9689
7380
8682
7202
2147
270
8008
7106
3229
7509
9387
5803
7211
7358
210
1476
6633
3183
8135
8359
1775
5746
9563
5103
3377
8309
359
7830
4081
2966
7669
3769
345
7429
971
3571
8779
57
1756
2007
7567
1142
8890
5856
8500
9100
8411
6211
3362
6546
4570
5137
3370
4132
239
6747
3520
599
5655
7601
4644
4403
2448
6069
1831
3419
9640
609
4556
1395
3696
3201
3616
2585
9057
3195
2763
7467
9406
7204
5091
5054
2341
8462
265
3659
5208
4864
5337
863
3543
9982
5266
5991
7129
8176
489
6768
8786
5045
9243
3560
8246
3937
6145
8381
7132
9987
6926
7617
7191
3096
3749
610
1557
4014
4269
7844
9957
685
9786
3499
666
6130
9491
7795
4306
1058
5641
4170
6103
5962
7730
5427
9900
4953
4886
8110
4939
1811
6805
3208
4907
554
3818
7543
5647
9167
5387
6683
9852
6251
181
1596
2381
750
469
7766
1808
7189
1935
8990
3151
743
4416
4129
5696
9302
3317
1713
2192
1201
6001
8178
1755
897
5721
8481
63
2186
5163
993
8437
6424
3668
1896
7174
4137
9662
61
2405
2675
9051
5556
3418
4546
763
192
4926
5159
2985
7118
6360
8986
5296
9194
9883
2095
8754
1025
4281
3916
3097
2717
1418
6766
5693
9672
902
5354
9733
3307
8030
8783
9942
1447
4407
1783
1640
9334
6943
4625
7530
3302
4689
3904
2496
5650
5999
1249
6675
279
6244
9773
4076
8742
7617
847
8413
8519
6201
8145
2905
4230
8006
3925
6757
2413
5709
9476
1746
3730
5179
9276
8111
9868
3180
606
6596
257
2934
3271
1616
257
4122
6771
8999
1738
7618
7411
1335
3818
6634
5319
9128
4639
323
5884
7052
7111
6438
9877
840
1616
231
8951
2562
4490
636
9158
4747
4649
3507
6363
4906
8708
4212
4983
1524
1829
3472
2860
6727
105
9258
5854
4745
9581
2816
2875
6691
9254
3831
8610
1948
4062
7561
4510
8552
9276
4746
4377
3924
9333
1819
9910
8040
6031
5971
9565
7861
9444
3503
5666
627
3839
1519
6451
3420
5414
9327
1189
4667
3157
9800
7694
8298
8439
3282
6849
8793
8028
2304
2716
7360
4123
3704
6479
154
9676
6043
9094
197
624
4759
824
4463
7357
7276
8962
2770
7681
1230
8516
1916
1029
6209
213
546
569
8141
9339
9676
444
3133
7036
4568
6838
4593
5801
7592
635
4894
7789
2338
731
8613
6801
8088
5888
6842
1936
3568
8072
451
6563
179
7739
6776
725
8308
5995
1142
7983
6440
4275
6097
2086
1112
689
8966
9783
2403
4938
7571
4741
5669
6184
2621
4835
3150
541
6771
7798
8613
7222
4360
8792
6039
2215
595
4346
8210
1737
3407
4649
6012
9505
7814
8204
193
6779
7986
3676
1716
5557
9496
7385
2819
2116
3298
7048
2657
68
4845
2348
7290
284
1139
3328
2499
1734
8753
708
3471
2160
6437
562
1664
4250
8766
2936
1029
7830
7691
3824
4465
7187
2288
7284
381
5586
4332
4118
5655
255
6466
4023
539
8685
8431
3038
1497
8262
4826
4969
421
1262
6610
3164
5512
6454
7180
7620
4283
4870
2523
9828
2056
4811
7111
3517
396
2521
7635
7130
3856
5179
2232
5474
3863
662
9592
5361
8924
4417
1408
424
5679
8018
3588
2269
5550
1846
968
911
6717
3491
738
9852
8302
8929
3368
9777
2528
1002
6907
6384
7261
9139
1858
1123
879
2528
6484
881
6945
8971
1305
3702
6988
5973
5971
3616
7819
6939
4528
4535
1508
5266
5466
9810
4194
8834
665
6723
915
7572
4185
8176
7789
7122
377
9747
9650
6862
627
6594
5832
1933
295
3899
8985
7346
7515
6803
5363
2042
2417
6872
8388
7883
7760
2581
6716
8425
382
8710
7075
4568
7964
5942
1689
8342
5688
1339
5203
6316
9012
2113
9328
386
7091
8312
7732
5685
5114
4173
8806
7531
2123
7193
5413
962
853
3208
9387
1235
2996
7541
5803
960
3482
8572
9302
9171
9911
5583
5486
8922
8775
4813
9308
6945
3124
8118
2629
9317
3370
1434
6848
5493
9707
3339
7534
559
7626
6921
2873
622
5540
9756
2661
9022
8327
1962
9271
8237
8624
5835
8237
8477
1726
8624
5421
5929
6741
8050
5246
110
563
3172
6683
269
6511
4216
1907
4137
2215
4780
5838
8834
4535
8499
7856
2861
1539
8205
2176
162
4040
1492
9718
5766
115
5139
1695
7935
3188
8020
8046
4830
1191
5807
5099
7702
1101
8085
2917
3317
2865
9834
3229
8479
8332
1084
2419
9871
368
5674
1111
4408
7166
1908
1252
7281
7047
4026
5216
1313
2045
4340
6144
3236
1225
2321
938
2326
406
4934
6722
4350
4768
9952
3907
4178
2114
6326
5128
2482
2000
6239
7969
9166
9226
9222
6447
6272
4326
2741
7586
6372
7081
3729
9608
8306
7129
1624
1710
7535
7638
8433
2963
2405
8384
6871
6583
1576
3196
1710
4059
5196
9029
3106
5441
9333
3406
2966
5605
7733
5707
3190
4104
3866
7998
4790
3250
5126
7494
4960
3740
5131
4471
6703
8615
3933
3573
6276
5510
7849
9066
647
4123
9173
3753
9564
8505
8239
3608
5188
5971
393
8378
1153
4259
7454
7022
8588
3659
4515
3548
8478
724
8019
5180
417
1952
9833
7773
8541
7681
6838
9188
1803
7089
4019
2446
6672
2257
6054
1860
8228
6448
1316
459
1785
8771
7482
373
3508
3075
3921
1985
4879
3018
8244
5296
6049
8076
3068
4589
5756
984
3776
8639
9152
7796
1084
5824
52
7138
7684
9360
3585
9000
9819
5371
8849
8379
6823
2356
1454
743
4341
7412
3761
3664
2707
889
1739
6855
5478
8575
8918
9255
7213
8070
8129
8297
3893
9260
5434
2655
9698
98
1654
595
6548
503
8974
3370
3938
1506
5192
9359
8918
31
3022
2704
920
4761
637
6399
3335
9555
6732
547
7624
5939
9923
2595
6277
6436
5250
5975
7613
7984
7649
4160
8487
6622
8609
2424
9208
4879
2861
9204
4910
5883
1907
6910
644
2544
4387
5058
3178
2197
5606
1880
8136
6607
4476
5491
3042
804
1465
654
8788
9114
5893
8353
6815
4501
1856
7101
458
4717
6304
6448
600
9291
3357
2323
2913
8823
7381
6091
1019
4065
7972
233
672
3526
5724
3714
5409
8269
4369
4197
8461
1340
3628
6354
5842
5484
4533
7379
201
837
3826
801
1206
8262
4203
4119
8163
1583
1289
9182
5649
9261
493
7400
3865
7297
2192
9274
6644
6561
4549
6183
7902
8178
2537
4822
3661
7070
3279
4941
8986
8185
6821
191
6446
1023
5390
4609
2607
6679
4869
9335
7018
6442
7813
882
4817
4
1234
1460
7645
5784
7643
6625
5040
1258
2525
8701
9408
5804
3642
9472
3988
1541
9664
1513
2565
5053
6122
6251
2810
2069
6664
9828
9590
4476
709
4406
4480
3022
5866
2124
8806
4588
8749
3845
5846
1273
3625
6332
8157
8346
5804
2144
9887
6546
3657
3530
2677
857
9781
5487
4006
6444
5314
3595
919
7102
9081
6479
123
4946
8603
8
612
8431
4932
7538
782
8557
3869
8939
7981
751
2162
7868
7297
6898
1397
9974
8835
2257
6539
2840
8701
1852
7514
699
8954
7673
7178
156
2619
6859
164
4310
5289
5096
1847
7151
3653
5717
6089
1633
7547
9330
579
4844
6228
3056
5896
6141
5313
2435
59
5092
4287
7573
5791
4320
5246
4047
4476
8944
906
4640
4332
7274
814
6180
4424
4467
2975
1592
7180
521
921
8838
5365
8228
1893
2340
4368
8285
4775
4427
3377
140
3079
246
5539
9404
4294
14
9426
5200
5733
3757
2473
6548
9937
6898
2093
3990
9569
351
4512
489
9190
955
9797
2161
3295
5243
446
8070
9671
3823
9290
3828
5148
4828
4310
9442
5922
3735
4641
1654
8571
8194
9281
8508
6170
2453
3576
5738
2804
8088
7306
1993
9044
8181
4155
2338
3424
5680
1487
3094
581
1855
8001
5729
7762
2310
5171
3683
6045
890
6417
4615
162
5697
4201
6332
9229
7778
3148
2033
6944
1533
5105
5987
9714
9260
9405
3137
6018
1970
7310
6599
3825
5310
2328
1586
7620
8578
6349
4743
546
2765
9359
709
9541
4638
8120
8770
3494
2347
802
438
4959
5907
7504
4672
6246
6908
8889
3342
8878
6198
9942
3781
1508
3348
6447
9128
3004
2795
4950
3550
5560
5387
5338
6179
24
4537
4948
4598
7963
6829
5036
2921
3815
2539
7593
1139
526
6481
4481
482
2679
5501
4264
5266
9928
710
5472
2931
4584
421
7561
1222
5808
3977
7401
6912
8514
3428
1509
6476
1335
7624
9397
6229
162
8069
8447
688
5628
2928
2250
9386
9508
6514
4651
9436
8303
1202
3445
3965
1623
1005
5187
8511
4983
3666
5422
4575
8173
8010
1051
9509
5633
1526
6816
5795
673
5263
7563
7381
9270
9813
6766
8777
7405
2496
8212
6786
3698
1657
750
6400
3741
5937
5989
8724
681
1410
3299
8855
498
5429
8363
6131
8034
6257
1926
9787
1519
567
7167
788
1458
5011
9566
9942
7507
8856
6727
2283
1591
7477
9763
6412
4492
5751
6214
5173
8241
591
4027
8739
6020
3468
4870
5133
9726
7875
4919
2323
9521
3164
3112
2057
8175
3756
1998
5682
3690
8725
9044
6361
7280
8806
2772
2850
5636
64
9102
4955
656
3129
3693
6676
7676
9642
2887
8480
8595
8885
1882
9194
2048
6073
1250
223
907
4327
6984
4597
3051
6027
2036
1409
5912
5887
4259
1547
5952
3361
6502
6608
7569
1273
4362
6323
1994
8329
5882
1667
7213
7764
861
9262
3836
3190
563
5822
7518
7547
418
1647
4652
3534
3057
563
499
8395
3189
6451
2834
769
4137
1481
3122
9579
8884
5116
7907
4765
7862
5119
3607
8723
5459
8522
2992
6022
4343
509
4647
5840
2156
9300
9374
6292
9863
9874
5766
4131
7403
8600
4900
2619
1160
8022
2197
43
4216
103
4808
2078
5222
9494
800
681
8015
3792
7782
3436
5380
2429
9276
7537
2807
9729
4907
2669
680
672
7879
9162
9273
2779
1780
432
800
3977
1554
5017
4080
6362
7095
381
6934
8974
2141
6027
3845
9923
9463
9225
3430
8738
7840
6237
9545
2747
9986
224
4498
7864
465
4849
642
2245
6360
2522
6223
7914
8618
302
5354
6791
1762
2287
5764
3903
8314
687
3826
7776
991
8335
7593
8831
4572
8216
2656
4557
9520
7155
3499
9985
2003
4142
2229
8364
7743
8452
6277
6360
9834
2710
3150
1595
4997
9993
5499
4390
1759
403
2165
2750
8738
836
1580
4388
9053
5316
8945
8572
3549
2444
8556
5552
7665
1863
4994
6486
315
2350
2845
1227
5060
7074
2822
1135
8145
9400
5525
9904
881
8770
2653
9620
9606
5313
4007
9737
1707
4031
9387
5256
7554
9021
1886
6297
884
7960
2782
1199
309
6706
3505
6448
4858
7406
7583
3002
6806
4187
3985
8766
2956
7717
8385
2561
3029
3471
3377
5815
8581
2763
1070
7213
1784
4036
3509
2668
1995
7370
4946
3383
4075
8451
9831
8933
6935
8492
3013
4819
2678
6998
3585
6713
4715
3048
9275
8823
6519
3730
4638
6178
6493
6787
4469
9356
822
9057
3102
3896
6426
9127
7279
1579
8656
8188
1590
5591
7759
5683
409
1515
2680
3994
8229
8474
7043
8582
8376
4640
2311
4092
1897
9883
878
6366
317
2780
5423
3419
7755
1848
2546
5034
4507
1201
4300
7176
6792
2058
2858
7202
3574
5539
2274
2881
5091
9317
1462
3466
5036
3773
7558
6933
4734
9516
3298
5051
3374
8721
8471
1128
1648
2095
7241
7234
3296
2620
4409
1167
5757
7268
9448
409
3885
1721
3290
8976
2117
4752
3521
7153
9604
2157
4085
4338
2751
7383
467
7204
7183
8938
9412
9910
2111
6652
7143
5408
350
1551
7654
6108
8819
7101
6517
3782
9901
886
3837
2017
5638
7358
9170
6321
593
3254
1737
3345
1716
2204
548
9978
2221
9960
9887
4332
7691
7029
818
9120
8580
8472
5227
8478
6651
2823
2259
6552
3709
6096
8569
425
4532
8818
6746
6205
2071
9562
9550
4866
1766
1176
4843
5066
2215
4729
9398
984
2836
216
103
1416
9767
6410
972
6418
311
4310
4048
5099
406
2616
5524
6017
1433
3349
2221
4584
2910
2849
528
5755
5105
5372
820
8399
1179
1297
9383
4016
2592
564
6511
2358
8053
7483
9855
8364
2871
3902
4541
3277
7598
65
373
9031
4493
3673
4693
8482
7602
5222
5316
2706
1672
7215
1104
3930
8512
1565
9025
1103
2129
5535
4541
1261
4096
5474
9625
6968
9377
5245
1323
8053
6389
2775
7083
881
6449
2855
441
4050
9156
5757
6756
827
4051
8939
5836
2562
503
4861
4745
3711
395
9286
4972
5571
4759
4597
2538
5214
920
4940
3266
7309
7716
1428
8190
5243
4283
9710
9293
4517
6546
7127
5344
596
7144
1179
3158
7647
6040
8982
1357
7515
8267
6330
3085
4105
2005
6702
397
2925
1641
3664
233
435
6171
9502
5678
1532
9211
4970
6049
6835
3175
2471
7431
318
4729
1668
9044
1848
649
401
9363
9996
6731
3526
5179
9815
1306
5576
2739
2947
9240
4051
3383
6489
3552
139
8021
3841
6189
4069
676
9364
7619
9186
761
2348
853
9805
4196
2582
205
4637
2577
8015
9242
8835
8908
547
4410
1646
3494
4729
6776
7956
1217
1406
9175
9239
5248
5363
4386
7003
4726
2005
7267
5487
5432
9200
6371
9628
1781
6576
5343
5437
5670
4584
4271
4577
5131
8681
7303
9704
4488
5157
8739
5706
6564
7913
6023
2890
3275
1487
971
8001
3492
8238
4567
2
7437
2016
9630
296
9671
6051
6812
5340
634
1082
996
5765
842
9378
6548
6409
4534
5286
2114
1097
3198
9216
5066
6473
703
6037
5552
4195
5354
1197
4198
3869
3213
4906
4166
2884
957
977
9303
2670
3139
298
9515
5060
754
6062
1468
5289
2426
4662
7465
5624
3877
2531
3175
4580
9647
9806
9855
5000
2082
5131
8870
6374
1115
4114
9258
3151
5091
9640
5822
9309
1016
6415
5447
1771
2476
7995
8139
5981
2656
5603
1604
7612
9213
5858
2192
8860
6742
3125
4938
8824
8256
3807
5198
9371
7921
5534
3601
4091
6252
9423
4478
7269
5837
9926
9040
9392
8999
8257
5372
1654
3859
8055
344
3072
4991
2536
3010
1732
6740
7948
1635
6074
2834
6833
6524
1833
3445
124
7003
9698
9547
1481
6966
6462
2485
7084
6932
1483
6419
3382
4216
277
2515
4560
4428
7506
8176
8517
9238
4915
6465
1951
2068
377
8784
8592
2210
3308
8716
292
3005
9341
1773
1049
6881
5337
9212
3812
7899
5630
8273
2114
6986
787
7753
2493
8293
7007
1009
8609
3001
8553
560
5069
8930
422
3660
2219
3730
2375
2511
7814
1715
5363
9942
9675
699
231
3486
9677
6940
2837
1790
3926
3624
621
6419
2995
7629
7428
2682
629
7060
4321
6777
5989
4744
436
9287
9553
3890
1797
8446
6684
8239
9466
6358
16
9698
922
9693
6637
3759
2561
1641
8462
3183
8060
1456
1890
6567
4138
3598
4705
8460
374
1772
4282
1889
1059
4913
6858
3935
4437
3541
2174
3903
9899
3269
3600
1899
2962
1315
5658
5523
2957
5198
9785
2095
6654
2753
9741
1870
6351
4445
1408
7804
6218
6769
771
8356
2761
7629
2290
7198
1169
5543
1100
2146
8813
5779
5124
2853
8174
1860
8376
2209
7058
9240
5383
4790
1992
5124
6661
9423
647
9148
8305
7944
5917
155
7378
8678
7784
9669
6954
32
6290
9134
3257
5102
4912
8382
9034
4164
241
7410
6373
8379
7728
1756
3168
798
7959
907
220
9685
55
9605
8708
7051
9760
6085
5728
8622
6832
3760
8654
3122
2893
2990
9303
8885
1371
8337
3048
2691
6825
500
2148
4552
2256
5317
5350
1293
6224
6650
2056
7358
7333
763
4408
7092
6849
1214
5713
3680
4975
5446
6802
7868
8436
7184
6752
885
5520
879
4655
3423
1379
6804
7975
4714
3199
4403
7086
501
2131
9142
7860
9464
9906
3346
6555
7833
4561
3347
1512
614
9872
9394
9561
8307
6577
7392
270
3175
8271
6004
6598
9650
2807
5651
5442
7085
1132
2527
7587
3264
1668
5446
2727
2652
8792
361
484
4431
3708
1997
5045
3579
2469
4606
2964
124
1997
3234
4378
1346
9238
2054
995
3124
7705
7516
208
9916
42
8874
3179
1710
4319
5907
5442
4190
6268
5926
9700
1054
7923
4745
4633
1470
429
8676
1594
3505
1909
5972
4851
2225
8026
6925
6428
6809
4440
7716
6725
4482
6589
9904
7271
1987
6889
2712
6177
4235
8639
6955
5289
7640
2778
1000
9111
3207
9676
1783
6712
2663
7756
2641
4889
6860
9566
1316
3669
4005
9032
393
9566
6700
1375
6837
8687
9344
627
5942
3578
344
2896
8868
7985
5675
946
8174
9961
622
9957
7752
3285
8791
392
9253
5651
9959
1648
9320
5042
679
791
4608
8458
3245
2523
7144
2588
3150
3085
6167
4574
7061
6113
3637
2735
7059
1810
3774
8760
2845
1525
2045
1636
1918
1297
7287
2955
2945
7685
7997
4704
9555
3683
3161
2799
6206
1384
6467
435
4469
2633
5009
1529
9825
9725
5343
7962
2613
9118
6722
5458
642
9846
8173
3639
2221
6538
7673
5167
5301
5670
949
4855
9353
5189
7655
6638
6573
4121
7073
1042
7833
3160
3650
8736
2884
8994
7776
6576
9190
4497
2033
910
5421
1285
4550
7643
7823
2222
3888
3124
8971
4837
7979
9403
25
6712
6040
6599
1911
4191
8720
822
8430
2369
9558
2392
2441
7334
8968
1630
2909
2079
2541
8331
3364
8170
7052
1187
1470
939
5390
1520
6855
4447
2001
6880
2238
9120
4557
4149
3310
3276
4972
2818
6725
5608
5210
244
4020
4177
1875
6930
6256
5495
6339
699
4743
4469
2965
7292
5408
8355
8812
3341
3880
812
220
6118
9932
5857
1346
4320
211
7397
8217
6936
3004
3426
7181
8104
8682
134
5033
6017
6708
2450
6716
1450
7998
759
9821
3405
192
8633
7825
4072
523
9124
1269
1534
4980
2615
6933
5192
11
5150
3206
4094
9655
1465
2197
8337
2678
8309
5432
9386
1837
3226
1914
9835
3985
1735
4318
4177
1446
2142
9328
1969
1266
596
4582
6246
3211
1515
2516
4301
6665
6802
8396
6319
8267
1671
5734
945
9981
1165
1409
1817
5470
3324
1652
9455
5059
5970
4710
6505
9192
4038
9553
457
4634
4135
7782
8925
5650
1377
3225
3393
8179
1620
9712
7524
3292
6525
8469
4351
8769
9879
7247
4239
4281
8899
4772
9340
5948
561
6923
5139
4599
7554
6675
311
1688
4456
9236
8417
5833
3540
2888
5090
6239
3679
2614
609
203
2161
4960
8972
3118
2207
4289
7399
2184
9062
7817
8132
9623
5818
4349
5300
3372
1023
6690
6139
6559
7005
5635
3470
544
8523
8561
6783
2201
2253
7393
3483
4414
3431
2455
7533
5638
7823
4931
7823
7963
2748
7033
8664
8566
2461
3963
3016
3484
1732
9156
1121
8737
4790
4592
9281
4391
4231
7142
6593
7563
4534
75
1976
7966
3609
587
4682
2511
5519
3583
473
9346
1695
9138
8990
4156
4179
3085
8719
5911
2240
9841
4647
8109
5511
5006
3578
820
2148
1249
8383
7761
2404
358
6805
6013
2025
1487
8524
7544
6149
76
7968
7844
9214
8036
1999
3392
1120
718
9304
4439
1637
5029
3626
7148
35
7205
9047
3262
8454
7429
1022
857
8866
7828
7950
890
393
7552
9513
6542
7628
8559
4386
7920
7674
6385
1312
8794
8182
1694
4312
9819
6723
9017
8045
6758
6221
7091
1098
5754
5598
2121
7690
5543
1027
5639
7512
1420
4270
7025
7962
1897
6662
3426
9818
4335
890
2208
4208
9072
3902
9599
9970
624
8615
9093
8462
4836
7263
9560
1668
2860
2759
9358
9482
3786
6076
6994
6285
345
5097
4247
3321
1758
8752
4217
7173
9642
6425
1380
9793
326
2057
840
2030
671
9933
1570
6586
7195
2208
8254
1134
4968
7612
615
9833
4766
8688
6118
5111
3784
1443
8432
6622
194
2649
3794
915
152
6253
707
1558
8310
2626
4667
8981
2558
6237
5567
832
8445
4899
1966
4491
3589
3660
4324
8355
3427
441
3465
7211
2963
2976
3832
3157
6704
8705
5151
6856
4957
6937
9493
4345
9563
4159
4405
2121
395
1050
2953
9920
5949
5998
4410
9539
736
9813
8972
4163
1332
2437
2453
4295
6492
7364
8532
3195
6069
3682
1129
2104
619
622
6450
181
5860
1933
3381
6256
2983
7413
7254
10
4489
2742
9549
5226
2555
9600
467
4966
3115
2920
9262
9607
284
7793
3880
7432
2553
6088
9536
4251
7789
7064
4433
3649
8997
8893
983
1979
6306
8237
1990
794
978
2617
7099
4612
2216
7567
9579
6410
1565
9919
6016
2928
8790
974
359
1342
7063
9896
5594
4851
8038
1105
9579
7035
9998
561
92
6303
9877
2082
8177
1934
5779
5275
6546
9074
3920
7203
5484
5486
7121
2578
9493
6989
3553
9853
8332
1694
826
5004
6545
8864
7188
7203
5898
7185
7764
7070
4567
7641
9152
2743
9575
6009
9097
7199
6162
3017
5481
2724
9582
3680
5302
9074
669
9934
4
79
1627
830
6162
9252
773
3349
6454
7750
1612
5296
4819
6179
4015
5050
0
3589
1058
176
1867
8299
3193
7348
1022
3853
1027
6325
4005
2775
7337
4010
2854
8965
5919
9016
9295
7771
2364
6827
5521
3977
2122
1418
1234
6138
6468
2314
805
8606
2490
3751
7983
6762
2177
9006
614
3205
6409
5698
5980
3745
786
9914
3788
7785
8929
4161
5555
2372
987
2154
6349
4189
3573
8662
1405
1119
975
3289
803
3465
7041
8787
226
9218
7792
1919
3501
5279
7618
560
9024
9483
473
3891
7267
480
8052
2822
2852
118
6055
9201
4307
706
8942
5712
1826
9917
9001
2629
3382
7120
2494
4687
7417
285
7686
917
5564
6382
2556
5667
5864
3029
9558
3131
4589
8688
7032
7441
8806
3086
7721
4191
4872
6662
981
6698
6578
1061
405
1038
8181
2900
6805
5597
4264
4490
7594
907
871
149
7653
6735
4258
8289
944
8847
6976
9055
6287
6861
3220
4007
2130
8092
1747
3112
4789
8326
4173
6273
442
3432
251
7247
108
4516
1736
7702
6502
3686
7851
4154
421
3187
2442
2444
2033
496
1499
8321
7357
4719
3406
566
2810
5154
3678
8678
4558
8930
6029
5000
3440
6281
2247
3548
1875
5062
1249
8377
8749
179
3609
248
3366
6051
3771
5400
7626
5270
4799
6062
1067
9284
6628
4956
5516
305
4712
73
313
741
6153
3753
8101
9479
7302
9976
4540
9630
9431
3288
9809
3039
4615
3175
168
8387
9654
7794
4735
5531
3855
5803
4814
482
1837
330
1866
6550
403
2179
8370
7635
5933
6470
7113
4313
7524
1653
3942
6954
6020
4830
9993
1714
9084
1239
100
8737
9033
4835
4267
2888
1716
159
4449
3554
489
6316
1182
1972
9574
630
685
6585
8179
7799
897
5702
530
5919
2655
6550
748
3726
8264
9832
4965
9443
9647
5076
4278
4992
7964
5994
5151
3492
626
6720
9808
2887
9771
9381
4596
455
5966
2774
8254
7942
9555
8784
3860
2209
6413
5687
7014
5755
5518
3057
5198
6243
8134
554
1234
7176
7627
7465
667
8254
4184
1553
2219
5033
2013
6816
6567
7979
668
4821
6999
223
4683
1938
3511
2174
7625
525
9009
4222
4661
4206
1543
2794
4760
2778
9971
2386
1321
1716
1718
5505
3270
5017
1616
5283
1832
8183
4340
3579
4082
2417
3802
9845
4355
7314
2018
3059
8918
1026
8360
3578
6311
9903
7452
2149
2680
8501
4536
4001
216
7333
584
4565
2349
3279
9848
5260
1462
5266
8840
6623
7684
2641
6467
3117
1033
9565
6176
1029
1669
4535
5687
9060
4438
3138
1208
8197
1638
5744
3277
2933
4156
4940
8578
6505
8220
8425
1765
760
4770
604
7383
3532
4324
3850
6649
6437
4493
2825
7466
6162
7360
3152
5221
2876
7369
7509
1073
85
4331
4350
3019
8487
9290
1596
4992
8588
1099
7836
9348
6948
8440
6731
479
3842
1659
7129
278
7231
9954
8824
4471
8392
1975
771
2347
9345
8280
3420
9430
2610
8849
3527
1097
9217
6202
7168
7805
8381
5003
8231
5328
4521
6040
6887
8363
7699
4015
9721
6008
5047
8544
479
4517
1597
1250
6864
941
9530
283
1450
3218
210
6056
4315
9428
3337
1482
8311
1717
7564
7620
8124
2084
3660
5010
1526
2437
103
1246
8446
5150
9790
8925
9668
1386
1253
6531
3407
1861
7894
5936
5079
9183
3070
473
9689
6407
1955
7999
9203
598
6698
8406
2682
357
3415
4208
2794
3519
5454
2318
9748
6322
2321
493
8788
3574
8104
3273
6514
5997
287
1593
5179
4436
3145
4868
843
6179
3945
1124
6777
1721
9530
9460
2078
4024
3667
5952
8622
200
8270
8369
7601
591
9942
7467
5244
8045
739
1758
4041
2105
4430
298
6542
7575
6245
8464
4832
1269
9588
1609
2990
196
1068
6148
4220
5814
2099
3920
7093
368
3367
4694
2038
3308
2160
8362
1352
3979
1198
6472
6084
6707
7850
2625
5360
5173
1088
191
6442
1755
1800
511
3030
3947
6659
8329
9762
8758
2248
7933
204
5615
3705
3322
2
5866
1683
2433
923
3960
8906
7007
666
6755
711
6026
3006
2878
6217
9449
5712
9097
1038
8742
3043
7697
7070
3883
7533
9318
2895
8816
6012
6600
3216
7093
2465
4899
9526
3388
9938
9510
1474
603
7343
3264
6629
349
6142
3925
9798
2933
4100
1914
1674
8222
9611
8745
2105
8222
9141
5000
8116
6231
1599
1332
3323
5144
6231
3928
9611
6169
3437
2163
7851
780
5427
5559
1129
2648
562
2005
5581
4662
3919
8334
2883
4608
8157
6067
2829
7298
2145
944
4607
4824
2276
7931
9968
9587
2937
656
6834
6374
3899
5763
7154
9326
1321
8283
3052
1883
287
9712
7624
4206
8046
507
8814
6202
7653
2721
4578
9799
3666
9186
4622
7021
8195
5668
7686
1131
7403
5598
7505
1301
1361
5738
1706
2682
4020
5837
5645
5387
5549
3268
9593
4673
4854
9486
874
2507
2206
6532
3384
6951
5717
9085
5051
4990
5831
3815
7200
3233
9414
4704
5614
774
441
7320
3456
5541
3156
179
927
9784
3448
1598
4456
9381
2162
6410
2966
5448
2941
6350
3477
9737
6513
8528
4726
2343
2343
1925
6656
2835
7708
2269
3609
9229
667
8144
5848
4902
8324
7854
4686
2850
9452
9142
2230
2693
5551
6276
8141
9571
3704
1617
9307
217
1224
5111
3639
4646
7036
1373
7481
5823
3642
1089
6130
5388
311
1977
290
8635
9831
6055
2563
360
6275
5873
3053
2905
2148
1193
2475
5852
3890
2861
7148
6193
7972
787
838
6087
2160
9398
1909
6882
1565
8039
3348
1876
1094
4717
1590
924
771
4153
1284
7047
1104
4338
9952
3252
6610
3505
9105
1578
6366
7331
7771
4338
8118
9688
424
1357
163
3412
8239
2807
2529
2665
4684
3623
7383
7353
5626
8154
2584
6910
6279
3689
2326
7309
8020
15
814
7124
1593
8259
5534
443
2596
3651
1209
4099
6087
1373
8590
5404
5259
1118
8070
1021
5820
5452
8374
1445
4684
2037
8356
963
5726
1760
9351
3745
1775
1243
1948
4448
9503
7482
5970
3177
2211
7179
8356
8299
9631
6945
3702
4890
9143
2850
5911
4962
8302
5364
6408
2986
7401
5842
5028
4205
8681
5457
9029
456
6701
976
5983
6203
9537
3031
458
2827
209
8814
2204
919
6838
5906
6888
5980
8757
3877
941
8137
319
8428
2201
8799
5348
8308
3003
4029
3765
2032
5564
465
4087
1546
7747
4703
4577
8205
7530
5865
8098
9734
7863
4935
6718
5829
1993
6553
785
4013
4690
1104
2441
7970
9904
7789
6278
2906
2896
42
6017
8460
1586
1183
1084
9333
5886
6740
8616
4494
3684
6713
4227
2625
1647
2023
8455
3640
8577
9240
7654
4345
1422
1173
2314
1325
40
9671
5311
2937
9713
2406
2475
1298
3589
3560
1709
553
1378
325
5047
5062
7038
9274
7688
9765
1297
7221
4483
952
7539
2136
5297
8961
4388
8690
1365
5508
8361
7755
8445
9152
160
1998
1529
4829
6637
3238
5382
8016
3563
1508
4156
601
781
2922
1444
3157
142
5927
5188
7681
9143
1563
7721
3530
253
164
9038
9693
7919
8561
9923
9158
559
1451
5065
7196
4690
1526
6290
9332
3034
446
1011
4894
